60 89 7 70 26 86 80 5 95 71 49 36 84 74 63
28 85 87 2 18 93 41 62 42 4 32 85 45 49 27
11 49 12 98 12 57 26 6 7 75 84 90 100 85 42
10 89 83 65 1 22 79 89 70 64 17 63 81 29 75
68 30 44 16 39 83 73 42 100 82 83 44 30 93 11
42 2 22 79 9 33 20 12 45 38 4 89 61 46 32
67 70 9 1 67 24 5 96 98 63 34 54 7 35 68
68 97 52 21 41 68 26 17 67 41 78 56 73 82 94
72 92 47 51 90 69 88 46 21 80 90 47 79 24 42
32 99 64 42 11 16 92 11 14 6 87 43 10 52 15
10 67 16 28 96 81 30 59 18 43 23 87 20 48 28
44 26 99 13 49 28 15 43 59 36 45 76 90 49 15
97 18 25 66 67 94 73 17 48 86 11 69 1 52 82
7 58 96 37 6 10 51 81 21 77 3 36 39 16 76
6 36 46 86 99 69 70 28 79 85 88 94 47 14 74
41 86 52 26 74 22 72 84 99 39 25 56 52 74 71
76 2 54 82 64 34 85 48 38 13 84 57 32 93 2
71 31 37 81 29 82 26 83 90 37 66 49 45 30 10